
1.000000 0.000000 0.000000 0.000000 
0.000000 1.000000 0.000000 0.000000 
0.000000 0.000000 1.000000 -5.000000 
0.000000 0.000000 0.000000 1.000000 

1.000000 0.000000 0.000000 0.000000 
-0.000000 0.000000 1.000000 0.000000 
0.000000 -1.000000 0.000000 -5.000000 
0.000000 0.000000 0.000000 1.000000 

1.000000 0.000000 0.000000 -0.650000 
-0.000000 0.000000 1.000000 9.990133 
0.000000 -1.000000 0.000000 -5.000000 
0.000000 0.000000 0.000000 1.000000 

-0.005934 0.000000 -0.999982 -11.233003 
-0.139517 0.990219 0.000828 -3.569122 
0.990202 0.139519 -0.005876 -10.942137 
0.000000 0.000000 0.000000 1.000000 

0.013961 -0.000000 -0.999903 -4.914520 
-0.199007 0.979994 -0.002779 -6.297363 
0.979899 0.199026 0.013682 -15.664024 
0.000000 0.000000 0.000000 1.000000 

